101546673
190638349
101457038
101132899
101243864
100421938
100314702
800008653
190654745
200339518
190619234
101294617
190437793
190591204
190738186
190743344
190546235
190737733
190769624
190686968
190652691
190692660
190806780
190804788
190819554
800011158
100211499
190819327
190859485
190508016
400063473
190530633
190981393
190851402
590663044
190841612
800006648
190732680
190950151
190950894
190751078
690610877
190875720
190756983
190950917
190868000
191012724
190664298
191013348
190839851
191052841
191045481
101111077
191053968
191046184
191076348
490650922
191039309
191049594
190735955
101325312
191026668
190634302
190526522
190549007
190835458
190973325
100854125
191186212
101179436
191114472
101262078
690542788
190557580
190837634
590662711
190811686
690023265
191170279
290476137
190149789
190133232
191126556
800009302
191305970
191316185
790678862
191125110
191682520
191011692
191128666
191440928
191685532
191690785
191022662
191699514
191690892
191449994
191661518
191700409
191764022
191758187
191448150
190789763
191231074
191765534
191760014
591004945
191684602
191123317
191686169
191780020
191683606
191695881
192008039
191700399
192071103
190867987
191069649
190816994
790784915
191434791
191926853
192138729
192009196
192205972
192130452
192170276
191032503
192263000
191823463
192373740
192323713
192318621
190980782
192140362
192360035
192286667
191285663
192471835
190572049
191554747
192465788
192009170
192466345
191271944
191473486
192528213
192180913
192557608
192182084
192229971
192490909
192559177
192550274
192620644
192599955
192585427
192570224
192576661
100049282
192571922
192586094
192635117
